5.110000000000000000e+02 5.150000000000000000e+02
5.310000000000000000e+02 5.140000000000000000e+02
5.540000000000000000e+02 5.150000000000000000e+02
5.740000000000000000e+02 5.150000000000000000e+02
5.950000000000000000e+02 5.150000000000000000e+02
6.140000000000000000e+02 5.150000000000000000e+02
6.320000000000000000e+02 5.140000000000000000e+02
6.510000000000000000e+02 5.150000000000000000e+02
6.670000000000000000e+02 5.140000000000000000e+02
6.840000000000000000e+02 5.140000000000000000e+02
6.990000000000000000e+02 5.150000000000000000e+02
7.140000000000000000e+02 5.140000000000000000e+02
7.280000000000000000e+02 5.140000000000000000e+02
7.410000000000000000e+02 5.140000000000000000e+02
7.520000000000000000e+02 5.140000000000000000e+02
7.630000000000000000e+02 5.130000000000000000e+02
7.730000000000000000e+02 5.130000000000000000e+02
7.830000000000000000e+02 5.130000000000000000e+02
7.920000000000000000e+02 5.130000000000000000e+02
8.000000000000000000e+02 5.130000000000000000e+02
8.090000000000000000e+02 5.140000000000000000e+02
8.160000000000000000e+02 5.130000000000000000e+02
8.220000000000000000e+02 5.140000000000000000e+02
8.280000000000000000e+02 5.130000000000000000e+02
8.340000000000000000e+02 5.130000000000000000e+02
